65
64
63
64
64
60
62
65
71
71
70
70
71
69
77
84
81
80
80
81
82
81
82
83
80
81
81
81
79
76
75
76
71
68
67
67
66
64
63
60
56
56
52
51
51
50
47
48
49
47
47
47
48
47
45
47
47
44
43
44
45
45
44
45
47
45
46
46
46
47
45
46
46
45
44
44
44
44
44
44
43
44
45
45
46
47
47
47
46
46
46
46
48
48
48
47
45
47
45
47
47
46
48
47
47
47
48
47
48
47
47
47
48
49
50
51
56
59
57
61
62
63
63
65
65
64
64
64
62
62
62
60
60
60
61
58
57
55
54
54
54
54
53
52
53
50
51
50
49
49
50
50
52
51
52
52
53
53
53
52
57
53
53
51
58
70
84
94
93
98
106
104
105
102
102
104
107
110
113
112
113
112
111
111
110
109
108
107
105
106
106
106
105
106
105
105
104
104
104
104
105
103
104
106
105
102
100
103
98
95
89
79
78
78
79
78
74
72
71
73
72
74
73
75
77
84
92
94
95
97
92
91
95
92
94
93
93
93
91
90
89
86
86
87
86
83
84
83
83
82
83
82
81
79
78
74
77
73
71
69
66
65
65
64
61
61
65
66
70
71
73
70
73
74
72
73
72
71
72
73
74
79
77
83
86
89
92
90
95
97
99
101
101
103
105
106
107
107
105
105
104
105
103
102
104
103
97
102
100
95
96
95
96
97
97
97
96
96
94
94
94
94
90
91
90
89
87
91
96
93
95
95
93
94
91
89
93
85
79
59
51
50
52
55
42
48
62
94
134
164
184
179
164
160
153
150
139
129
114
89
60
69
66
83
43
45
97
133
156
161
165
161
160
154
151
149
147
145
140
137
137
138
136
138
134
135
137
137
139
139
138
138
138
139
140
141
141
141
141
141
142
141
141
140
140
140
140
140
140
137
139
139
138
137
137
137
136
138
139
138
135
134
132
133
138
138
134
127
119
96
60
42
46
48
45
46
47
45
41
42
43
39
41
43
47
50
50
48
49
53
54
52
55
57
58
58
60
59
59
58
60
59
60
61
60
60
61
61
60
61
61
61
63
60
58
57
57
55
58
56
57
56
59
58
58
60
60
62
64
64
64
66
66
65
66
68
68
68
68
69
68
70
69
70
70
70
70
69
72
72
71
72
71
73
70
72
72
73
73
74
75
75
75
76
77
77
78
79
79
80
81
81
82
82
82
82
80
80
81
81
81
82
82
83
83
82
83
82
81
80
81
79
80
81
81
84
83
81
83
81
82
81
82
82
82
81
81
81
82
81
83
84
84
83
84
85
84
83
83
85
83
86
85
85
85
85
86
86
85
84
83
83
84
85
87
87
87
86
86
88
85
84
81
79
79
77
77
77
76
76
76
74
72
72
72
73
72
70
70
70
71
71
71
72
62
67
69
75
80
83
85
90
97
100
102
105
108
111
115
120
119
120
120
120
119
118
117
116
120
118
116
113
111
110
109
106
104
104
106
109
107
107
108
107
112
111
106
100
89
72
47
35
38
34
31
36
34
34
33
32
33
34
31
30
31
31
34
36
31
33
35
37
39
40
39
37
41
47
38
34
25
20
18
17
