2
0
1
0
4
4
5
44
65
108
128
145
138
126
150
142
148
140
143
146
151
153
153
156
150
152
152
149
149
152
152
148
160
158
153
145
135
127
119
116
104
99
96
94
92
90
87
86
78
80
77
76
73
72
69
69
67
65
66
64
65
62
63
61
63
63
62
62
61
65
64
63
64
66
64
64
62
62
61
60
60
58
59
60
59
58
56
55
51
51
49
52
53
54
56
59
70
75
75
79
79
79
80
84
85
84
85
88
90
93
96
99
108
109
112
113
116
113
111
116
119
120
122
126
133
140
145
147
150
153
156
157
161
162
164
167
160
159
163
159
157
153
152
151
148
151
152
148
149
152
156
156
155
155
154
151
149
145
142
140
140
131
127
128
126
125
126
127
128
127
128
132
135
138
140
140
140
142
142
140
139
135
133
130
128
128
132
134
142
144
148
144
138
132
136
145
154
169
174
173
168
166
164
158
154
155
153
152
149
148
147
149
149
151
154
152
152
160
158
155
151
145
155
158
156
152
150
125
107
102
104
97
105
105
107
107
104
105
106
102
102
104
120
137
151
154
160
163
157
157
155
151
146
140
137
137
135
131
129
126
123
121
120
121
120
121
124
126
133
144
159
167
180
186
186
192
199
197
198
204
200
200
197
199
199
197
195
189
165
143
128
114
101
95
92
85
81
84
81
82
88
88
88
95
86
106
114
87
70
84
118
152
210
244
240
233
231
210
169
129
120
110
122
144
162
150
146
151
134
97
89
96
111
148
215
246
249
243
248
249
239
233
236
242
232
233
231
226
224
224
224
223
224
227
227
226
228
229
230
234
238
235
236
234
236
236
236
236
237
236
237
237
237
239
239
239
238
238
238
237
237
236
234
236
234
235
234
233
234
235
233
235
235
234
232
232
231
233
236
235
240
224
187
136
86
65
60
69
75
77
81
84
83
84
84
83
83
82
82
82
81
79
79
83
81
80
82
81
82
80
82
82
82
82
81
83
83
83
83
83
83
82
83
83
83
83
83
85
82
74
71
68
66
67
69
70
75
74
77
80
81
84
84
84
84
86
87
87
88
88
87
89
88
88
89
90
90
90
90
92
92
96
95
96
98
100
102
103
105
105
103
106
105
104
105
110
107
108
108
109
111
113
115
116
117
117
119
121
120
119
118
119
120
118
120
121
122
123
123
123
120
124
125
120
122
124
128
129
131
128
119
122
127
124
117
113
119
120
121
121
124
124
127
124
124
123
124
120
113
109
106
106
100
98
96
94
90
86
87
83
82
86
90
98
112
123
147
180
201
208
213
216
218
217
208
208
202
195
190
188
187
187
187
188
189
194
192
188
188
190
190
191
196
201
200
193
190
188
185
180
177
171
161
155
137
130
128
126
123
118
129
143
159
161
161
163
167
161
151
152
149
140
138
141
142
140
139
138
138
138
137
134
135
133
129
128
128
130
129
129
126
124
123
122
121
120
120
120
121
120
119
119
119
120
120
120
117
120
122
123
123
124
125
126
126
125
125
123
122
121
120
120
119
116
113
111
106
101
103
100
101
99
100
97
97
99
97
98
99
98
98
98
96
94
94
97
96
96
96
98
102
106
108
110
110
111
114
115
119
119
116
116
109
112
100
88
65
29
2
0
