65
64
63
64
64
60
62
65
71
71
70
70
71
69
77
84
81
80
80
81
82
81
82
83
80
81
81
81
79
76
75
76
71
68
67
67
66
64
63
60
56
56
52
51
51
50
47
48
49
47
47
47
48
47
45
47
47
44
43
44
45
45
44
45
47
45
46
46
46
47
45
46
46
45
44
44
45
44
44
44
43
44
45
45
46
47
47
47
46
46
46
46
48
48
48
47
45
47
45
47
47
46
48
47
47
47
47
47
48
47
47
47
48
49
50
52
56
59
57
61
62
63
63
65
65
64
64
64
62
62
62
60
60
60
61
58
57
55
54
54
54
54
53
52
53
50
51
50
49
49
50
50
52
51
52
52
53
53
53
52
57
53
53
51
58
70
84
94
93
98
106
104
105
102
102
104
107
110
113
112
113
112
111
111
110
109
108
107
105
106
106
106
105
106
105
105
104
104
104
104
105
103
104
106
105
102
100
103
98
95
89
79
78
78
79
78
74
72
71
73
72
74
73
75
77
84
92
94
95
97
92
91
95
92
94
93
93
93
91
90
89
86
86
87
86
83
84
83
83
82
83
82
81
79
78
74
77
73
71
69
66
65
65
64
61
61
65
66
70
71
73
70
73
74
72
73
72
71
72
73
74
79
77
83
86
89
92
90
95
97
99
101
101
103
105
106
107
107
105
105
104
105
103
102
104
103
97
102
100
95
96
95
96
97
97
97
96
96
94
94
94
94
90
91
90
89
87
91
96
92
95
95
93
94
91
90
93
85
79
60
50
48
54
58
47
49
63
91
134
165
184
178
161
161
154
151
140
129
113
87
51
23
14
17
33
59
91
127
154
165
165
160
163
155
151
148
146
145
140
137
137
138
136
138
133
134
137
137
139
139
138
138
138
139
140
141
141
141
141
141
142
141
141
140
140
140
140
140
140
137
139
139
138
137
137
136
135
137
136
137
136
136
135
132
139
137
133
129
116
95
71
36
12
6
5
8
18
29
31
34
36
41
40
44
49
49
48
49
48
52
53
53
55
56
56
57
60
59
59
59
60
59
61
61
60
60
61
60
61
61
61
62
63
60
58
58
57
55
58
56
57
57
58
58
58
60
61
62
64
64
64
66
66
65
65
67
68
68
68
69
68
70
69
70
70
70
70
69
72
72
71
72
71
73
70
72
72
73
73
74
75
75
75
76
77
77
78
79
79
80
81
81
82
82
82
81
80
80
81
81
81
82
83
82
82
82
82
81
80
80
80
80
81
81
82
84
82
80
83
81
82
81
82
82
82
81
81
81
82
82
83
84
84
84
85
86
84
83
83
85
83
85
85
85
85
85
86
86
85
84
83
83
84
85
87
87
87
86
86
88
85
84
81
79
79
77
77
77
76
76
75
74
72
73
72
73
72
71
70
70
71
71
71
72
62
67
69
75
80
83
84
90
97
100
101
106
108
111
116
121
119
120
121
120
119
118
117
116
120
117
116
112
111
110
109
106
103
104
107
108
107
108
108
106
108
110
107
102
91
73
48
32
21
13
10
9
9
16
23
21
25
27
27
23
22
27
30
37
34
32
37
38
40
40
39
38
42
47
37
32
26
15
9
6
